CMT 2004  2 24  2 27 53.42  35.2900   -3.8400  12.0 6.4 6.4 022404C
event name:     022404C
time shift:      0.0000
half duration:   0.0000
latitude:       35.2900
longitude:     -3.8400
depth:           12.0000
Mrr:    -1.250000e+25
Mtt:    -1.770000e+25
Mpp:    3.020000e+25
Mrt:    -3.500000e+24
Mrp:    -1.620000e+25
Mtp:    -2.580000e+25
