CMT 2004 11 21 11 41 12.83  15.8500  -61.6500  12.0 6.3 6.3 112104C
event name:     112104C
time shift:      0.0000
half duration:   0.0000
latitude:       15.8500
longitude:    -61.6500
depth:           12.0000
Mrr:    -3.210000e+25
Mtt:    1.550000e+25
Mpp:    1.660000e+25
Mrt:    -4.840000e+24
Mrp:    -1.500000e+24
Mtp:    -1.980000e+25
