CMT 2005 10  8 10 46 34.65  34.7000   73.1200  12.0 6.4 6.4 200510081046A
event name:     200510081046A
time shift:      0.0000
half duration:   0.0000
latitude:       34.7000
longitude:     73.1200
depth:           12.0000
Mrr:    5.200000e+25
Mtt:    -2.380000e+25
Mpp:    -2.820000e+25
Mrt:    1.610000e+25
Mrp:    -1.780000e+24
Mtp:    2.510000e+25
