CMT 2005 12 12 21 47 48.37  36.4500   71.0600 210.2 6.6 6.6 200512122147A
event name:     200512122147A
time shift:      0.0000
half duration:   0.0000
latitude:       36.4500
longitude:     71.0600
depth:           210.1900
Mrr:    7.610000e+25
Mtt:    -8.210000e+25
Mpp:    6.020000e+24
Mrt:    1.660000e+25
Mrp:    1.340000e+25
Mtp:    -9.409999e+23
