CMT 2007  4  5  3 56 56.32  37.4500  -24.4400  12.0 6.4 6.4 200704050356A
event name:     200704050356A
time shift:      0.0000
half duration:   0.0000
latitude:       37.4500
longitude:    -24.4400
depth:           12.0000
Mrr:    -4.270000e+25
Mtt:    2.530000e+25
Mpp:    1.730000e+25
Mrt:    1.290000e+24
Mrp:    -5.840000e+23
Mtp:    -1.710000e+25
