CMT 2008 11 10  1 22 10.23  37.5100   95.7500  27.2 6.4 6.4 200811100122A
event name:     200811100122A
time shift:      0.0000
half duration:   0.0000
latitude:       37.5100
longitude:     95.7500
depth:           27.2300
Mrr:    2.510000e+25
Mtt:    -3.480000e+25
Mpp:    9.740000e+24
Mrt:    2.490000e+25
Mrp:    -9.930000e+24
Mtp:    2.010000e+24
