CMT 2008  9 10 11  0 38.36  26.6500   55.7200  12.0 6.1 6.1 200809101100A
event name:     200809101100A
time shift:      0.0000
half duration:   0.0000
latitude:       26.6500
longitude:     55.7200
depth:           12.0000
Mrr:    1.340000e+25
Mtt:    -1.350000e+25
Mpp:    8.800001e+22
Mrt:    7.180001e+24
Mrp:    1.860000e+24
Mtp:    -9.050000e+24
