CMT 2008  5 29 15 46  6.15  63.9200  -21.1700  12.0 6.3 6.3 200805291546A
event name:     200805291546A
time shift:      0.0000
half duration:   0.0000
latitude:       63.9200
longitude:    -21.1700
depth:           12.0000
Mrr:    -7.040000e+24
Mtt:    7.139999e+23
Mpp:    6.320000e+24
Mrt:    2.260000e+24
Mrp:    -6.110000e+24
Mtp:    3.290000e+25
