CMT 2009  6  6 20 33 32.98  23.9400  -46.1200  12.0 6.0 6.0 200906062033A
event name:     200906062033A
time shift:      0.0000
half duration:   0.0000
latitude:       23.9400
longitude:    -46.1200
depth:           12.0000
Mrr:    1.220000e+24
Mtt:    -5.480000e+24
Mpp:    4.260000e+24
Mrt:    8.270001e+23
Mrp:    1.710000e+24
Mtp:    -1.140000e+25
