CMT 2009  7 24  3 12  2.71  31.0500   86.1000  28.1 5.8 5.8 200907240311A
event name:     200907240311A
time shift:      0.0000
half duration:   0.0000
latitude:       31.0500
longitude:     86.1000
depth:           28.0700
Mrr:    -6.450000e+23
Mtt:    -5.720000e+24
Mpp:    6.370000e+24
Mrt:    1.710000e+24
Mrp:    6.700000e+23
Mtp:    4.520000e+23
