CMT 2009 12 17 14 55 44.86  42.5400  -30.4500  17.3 5.5 5.5 200912171455A
event name:     200912171455A
time shift:      0.0000
half duration:   0.0000
latitude:       42.5400
longitude:    -30.4500
depth:           17.2700
Mrr:    -1.280000e+24
Mtt:    2.400000e+24
Mpp:    -1.120000e+24
Mrt:    -1.700000e+22
Mrp:    -4.960000e+22
Mtp:    -3.780000e+23
