CMT 2010  1  2  2 15 11.00  38.4000   71.4100  14.2 5.5 5.5 201001020215A
event name:     201001020215A
time shift:      0.0000
half duration:   0.0000
latitude:       38.4000
longitude:     71.4100
depth:           14.2100
Mrr:    -8.610000e+23
Mtt:    -9.560000e+23
Mpp:    1.820000e+24
Mrt:    3.280000e+23
Mrp:    -4.440000e+23
Mtp:    6.590000e+23
