CMT 2009 11  7 20  8 53.00  29.2900   86.2200  19.1 5.6 5.6 C200911072009A
event name:     C200911072009A
time shift:      0.0000
half duration:   0.0000
latitude:       29.2900
longitude:     86.2200
depth:           19.1000
Mrr:    -2.640000e+24
Mtt:    -5.500000e+23
Mpp:    3.190000e+24
Mrt:    -4.050000e+23
Mrp:    -2.810000e+23
Mtp:    1.290000e+23
