CMT 2009  9 21  8 30 17.00  71.0800   -7.6100  23.3 5.6 5.6 C200909210830A
event name:     C200909210830A
time shift:      0.0000
half duration:   0.0000
latitude:       71.0800
longitude:     -7.6100
depth:           23.3000
Mrr:    6.000000e+21
Mtt:    2.570000e+24
Mpp:    -2.580000e+24
Mrt:    2.380000e+23
Mrp:    5.450000e+23
Mtp:    2.510000e+24
