CMT 2009  8 31 10 15 34.00  37.6300   95.8900  12.0 5.8 5.8 C200908311015A
event name:     C200908311015A
time shift:      0.0000
half duration:   0.0000
latitude:       37.6300
longitude:     95.8900
depth:           12.0000
Mrr:    4.420000e+24
Mtt:    -4.850000e+24
Mpp:    4.240000e+23
Mrt:    2.030000e+24
Mrp:    -1.280000e+23
Mtp:    6.410000e+23
