CMT 2009 10 22 19 51 29.00  36.5500   70.8600 181.4 6.2 6.2 C200910221951A
event name:     C200910221951A
time shift:      0.0000
half duration:   0.0000
latitude:       36.5500
longitude:     70.8600
depth:           181.4000
Mrr:    2.180000e+25
Mtt:    -1.680000e+25
Mpp:    -5.000000e+24
Mrt:    -2.170000e+24
Mrp:    -3.470000e+24
Mtp:    -3.920000e+24
