CMT 2009  8 28  1 52 12.00  37.6600   95.7300  12.0 6.2 6.2 C200908280152A
event name:     C200908280152A
time shift:      0.0000
half duration:   0.0000
latitude:       37.6600
longitude:     95.7300
depth:           12.0000
Mrr:    2.020000e+25
Mtt:    -2.370000e+25
Mpp:    3.490000e+24
Mrt:    1.410000e+25
Mrp:    -4.770000e+24
Mtp:    7.430000e+24
