CMT 2009 10 25 17 47 54.00  29.5000   64.0500 135.4 5.6 5.6 C200910251747A
event name:     C200910251747A
time shift:      0.0000
half duration:   0.0000
latitude:       29.5000
longitude:     64.0500
depth:           135.4000
Mrr:    1.240000e+23
Mtt:    -1.370000e+23
Mpp:    1.300000e+22
Mrt:    1.990000e+24
Mrp:    2.920000e+24
Mtp:    -3.000000e+21
