CMT 2009 10 29 17 44 35.00  36.4000   70.6600 217.4 6.2 6.2 C200910291744A
event name:     C200910291744A
time shift:      0.0000
half duration:   0.0000
latitude:       36.4000
longitude:     70.6600
depth:           217.4000
Mrr:    2.010000e+25
Mtt:    -1.630000e+25
Mpp:    -3.820000e+24
Mrt:    1.470000e+25
Mrp:    -1.040000e+25
Mtp:    6.350000e+24
