CMT 2017  7 27 17 53 30.40  13.4200  -49.4000  27.3 6.0 6.0 C201707271753A
event name:     C201707271753A
time shift:      0.0000
half duration:   0.0000
latitude:       13.4200
longitude:    -49.4000
depth:           27.3000
Mrr:    -6.970000e+24
Mtt:    1.070000e+25
Mpp:    -3.700000e+24
Mrt:    -4.500000e+23
Mrp:    6.180000e+24
Mtp:    3.480000e+24
