CMT 2015 11 22 18 16  6.80  36.4300   71.3500 106.4 5.8 5.8 C201511221816A
event name:     C201511221816A
time shift:      0.0000
half duration:   0.0000
latitude:       36.4300
longitude:     71.3500
depth:           106.4000
Mrr:    4.550000e+24
Mtt:    6.250000e+23
Mpp:    -5.180000e+24
Mrt:    -1.590000e+24
Mrp:    -1.050000e+24
Mtp:    -1.940000e+24
