CMT 2018  1 31  7  7  3.40  36.5200   70.7400 199.8 6.2 6.2 C201801310707A
event name:     C201801310707A
time shift:      0.0000
half duration:   0.0000
latitude:       36.5200
longitude:     70.7400
depth:           199.8000
Mrr:    2.210000e+25
Mtt:    -1.720000e+25
Mpp:    -4.880000e+24
Mrt:    9.940000e+24
Mrp:    1.440000e+25
Mtp:    -1.080000e+25
