CMT 2010 12  8  8 21 36.20  39.4100   72.8200  18.7 5.5 5.5 C201012080821A
event name:     C201012080821A
time shift:      0.0000
half duration:   0.0000
latitude:       39.4100
longitude:     72.8200
depth:           18.7000
Mrr:    5.610000e+23
Mtt:    -8.200000e+22
Mpp:    -4.780000e+23
Mrt:    8.420000e+23
Mrp:    3.830000e+23
Mtp:    -1.970000e+24
