CMT 2018 11 17 13 18  2.20  15.6000  -49.7900  12.0 5.5 5.5 C201811171318A
event name:     C201811171318A
time shift:      0.0000
half duration:   0.0000
latitude:       15.6000
longitude:    -49.7900
depth:           12.0000
Mrr:    -1.340000e+24
Mtt:    2.060000e+24
Mpp:    -7.190000e+23
Mrt:    -6.910000e+23
Mrp:    -4.680000e+23
Mtp:    5.400000e+23
