CMT 2011  2 10  5 35 19.40  52.2000   91.8400  24.8 5.5 5.5 C201102100535A
event name:     C201102100535A
time shift:      0.0000
half duration:   0.0000
latitude:       52.2000
longitude:     91.8400
depth:           24.8000
Mrr:    1.400000e+22
Mtt:    -1.220000e+24
Mpp:    1.210000e+24
Mrt:    2.100000e+23
Mrp:    -6.560000e+23
Mtp:    1.490000e+24
