CMT 2012 10  4 23 14 58.60  17.6600  -46.5200  12.0 5.5 5.5 C201210042314A
event name:     C201210042314A
time shift:      0.0000
half duration:   0.0000
latitude:       17.6600
longitude:    -46.5200
depth:           12.0000
Mrr:    -1.880000e+24
Mtt:    -5.500000e+22
Mpp:    1.930000e+24
Mrt:    -5.970000e+23
Mrp:    4.290000e+23
Mtp:    3.600000e+22
