CMT 2018 12 23 19 32 29.10  30.1300   87.7400  16.9 5.8 5.8 C201812231932A
event name:     C201812231932A
time shift:      0.0000
half duration:   0.0000
latitude:       30.1300
longitude:     87.7400
depth:           16.9000
Mrr:    -4.360000e+24
Mtt:    -1.510000e+24
Mpp:    5.880000e+24
Mrt:    4.710000e+23
Mrp:    2.840000e+23
Mtp:    5.540000e+23
