CMT 2017 11 17 22 34 26.50  29.7000   95.1400  12.0 6.5 6.5 C201711172234A
event name:     C201711172234A
time shift:      0.0000
half duration:   0.0000
latitude:       29.7000
longitude:     95.1400
depth:           12.0000
Mrr:    4.450000e+25
Mtt:    -2.850000e+25
Mpp:    -1.600000e+25
Mrt:    -1.560000e+25
Mrp:    3.860000e+25
Mtp:    2.820000e+25
