CMT 2011 10  6  0 39 34.90  58.0000  -32.3900  12.0 5.6 5.6 C201110060039A
event name:     C201110060039A
time shift:      0.0000
half duration:   0.0000
latitude:       58.0000
longitude:    -32.3900
depth:           12.0000
Mrr:    -3.070000e+24
Mtt:    2.440000e+23
Mpp:    2.830000e+24
Mrt:    8.100000e+22
Mrp:    -1.210000e+23
Mtp:    1.050000e+24
