CMT 2016  7 14  8 36 31.00  41.6000  -29.3100  12.0 5.6 5.6 C201607140836A
event name:     C201607140836A
time shift:      0.0000
half duration:   0.0000
latitude:       41.6000
longitude:    -29.3100
depth:           12.0000
Mrr:    -2.920000e+24
Mtt:    3.200000e+22
Mpp:    2.890000e+24
Mrt:    8.050000e+23
Mrp:    -3.860000e+23
Mtp:    2.360000e+23
