CMT 2016 12 20 10  4 44.00  37.2900   84.8900  27.2 5.6 5.6 C201612201004A
event name:     C201612201004A
time shift:      0.0000
half duration:   0.0000
latitude:       37.2900
longitude:     84.8900
depth:           27.2000
Mrr:    1.010000e+24
Mtt:    -1.350000e+24
Mpp:    3.340000e+23
Mrt:    -3.510000e+23
Mrp:    -5.240000e+23
Mtp:    2.710000e+24
