CMT 2011  1 18 20 23 33.30  28.6000   63.9500  52.8 7.2 7.2 C201101182023A
event name:     C201101182023A
time shift:      0.0000
half duration:   0.0000
latitude:       28.6000
longitude:     63.9500
depth:           52.8000
Mrr:    -6.290000e+26
Mtt:    5.290000e+26
Mpp:    1.000000e+26
Mrt:    2.680000e+26
Mrp:    4.120000e+26
Mtp:    3.990000e+26
