CMT 2012  8 12 10 47 15.90  35.9300   82.5600  17.9 6.3 6.3 C201208121047A
event name:     C201208121047A
time shift:      0.0000
half duration:   0.0000
latitude:       35.9300
longitude:     82.5600
depth:           17.9000
Mrr:    -2.200000e+25
Mtt:    -6.570000e+24
Mpp:    2.860000e+25
Mrt:    9.500000e+23
Mrp:    -5.480000e+24
Mtp:    5.920000e+24
