CMT 2017  5  3  4 47 18.10  39.5200   71.4200  23.6 6.0 6.0 C201705030447A
event name:     C201705030447A
time shift:      0.0000
half duration:   0.0000
latitude:       39.5200
longitude:     71.4200
depth:           23.6000
Mrr:    4.530000e+24
Mtt:    5.390000e+24
Mpp:    -9.920000e+24
Mrt:    -3.390000e+24
Mrp:    2.410000e+24
Mtp:    -7.940000e+24
