CMT 2016  5 11  1 15 52.10  31.9800   95.2000  12.9 5.5 5.5 C201605110115A
event name:     C201605110115A
time shift:      0.0000
half duration:   0.0000
latitude:       31.9800
longitude:     95.2000
depth:           12.9000
Mrr:    -1.470000e+24
Mtt:    -2.770000e+23
Mpp:    1.740000e+24
Mrt:    -6.420000e+23
Mrp:    -4.810000e+23
Mtp:    1.280000e+24
