CMT 2019  9 24 11  1 54.30  32.4800   73.7400  24.2 5.6 5.6 C201909241101A
event name:     C201909241101A
time shift:      0.0000
half duration:   0.0000
latitude:       32.4800
longitude:     73.7400
depth:           24.2000
Mrr:    1.410000e+24
Mtt:    -1.760000e+24
Mpp:    3.500000e+23
Mrt:    1.780000e+24
Mrp:    -6.140000e+23
Mtp:    3.380000e+23
