CMT 2011 11  1  0 21 31.90  43.5500   82.4400  43.8 5.6 5.6 C201111010021A
event name:     C201111010021A
time shift:      0.0000
half duration:   0.0000
latitude:       43.5500
longitude:     82.4400
depth:           43.8000
Mrr:    2.050000e+24
Mtt:    -2.380000e+24
Mpp:    3.260000e+23
Mrt:    1.470000e+24
Mrp:    2.660000e+23
Mtp:    -1.180000e+23
