CMT 2010  3 24  2 44 55.00  32.4100   92.9600  17.2 5.5 5.5 C201003240244A
event name:     C201003240244A
time shift:      0.0000
half duration:   0.0000
latitude:       32.4100
longitude:     92.9600
depth:           17.2000
Mrr:    -4.090000e+23
Mtt:    -1.180000e+24
Mpp:    1.590000e+24
Mrt:    -5.700000e+23
Mrp:    1.820000e+23
Mtp:    1.100000e+24
