CMT 2017  2  3 19 54 26.70  15.1500  -60.4200  49.3 5.8 5.8 C201702031954A
event name:     C201702031954A
time shift:      0.0000
half duration:   0.0000
latitude:       15.1500
longitude:    -60.4200
depth:           49.3000
Mrr:    4.420000e+24
Mtt:    -2.800000e+22
Mpp:    -4.390000e+24
Mrt:    -1.160000e+24
Mrp:    2.270000e+24
Mtp:    1.490000e+24
