CMT 2013 05 18 10 03 18.02 26.5000 57.6800 12.0000 5.5 5.5 C201305181003A
event name:     C201305181003A
time shift:      0.0000
half duration:   0.0000
latitude:        26.5000
longitude:       57.6800
depth:           12.0000
Mrr:      -3.870000E+22
Mtt:      -1.240000E+24
Mpp:       1.280000E+24
Mrt:       7.350000E+23
Mrp:       2.800000E+23
Mtp:       2.050000E+24
