CMT 2012 10  5  0 19 59.40  17.6800  -46.4800  12.0 5.5 5.5 C201210050019A
event name:     C201210050019A
time shift:      0.0000
half duration:   0.0000
latitude:       17.6800
longitude:    -46.4800
depth:           12.0000
Mrr:    -1.830000e+24
Mtt:    6.200000e+22
Mpp:    1.770000e+24
Mrt:    -8.260000e+23
Mrp:    2.010000e+23
Mtp:    3.500000e+22
