CMT 2011 12  3  9 27 15.90  18.1300  -59.7700  12.0 5.7 5.7 C201112030927A
event name:     C201112030927A
time shift:      0.0000
half duration:   0.0000
latitude:       18.1300
longitude:    -59.7700
depth:           12.0000
Mrr:    -1.880000e+24
Mtt:    4.630000e+23
Mpp:    1.420000e+24
Mrt:    1.210000e+24
Mrp:    6.060000e+23
Mtp:    -2.960000e+24
