CMT 2016  6 28 21 38  7.10  39.4300   73.4100  22.9 5.5 5.5 C201606282138A
event name:     C201606282138A
time shift:      0.0000
half duration:   0.0000
latitude:       39.4300
longitude:     73.4100
depth:           22.9000
Mrr:    6.010000e+23
Mtt:    -1.800000e+23
Mpp:    -4.210000e+23
Mrt:    9.330000e+23
Mrp:    1.400000e+23
Mtp:    -2.120000e+24
