CMT 2016 10 18 22  8 16.50  15.3900  -61.4400 145.3 5.6 5.6 C201610182208A
event name:     C201610182208A
time shift:      0.0000
half duration:   0.0000
latitude:       15.3900
longitude:    -61.4400
depth:           145.3000
Mrr:    -3.010000e+24
Mtt:    3.370000e+24
Mpp:    -3.650000e+23
Mrt:    -4.030000e+23
Mrp:    5.670000e+23
Mtp:    7.890000e+23
