CMT 2013 01 20 23 32 25.17 54.0300 -35.1100 12.0000 5.5 5.5 C201301202332A
event name:     C201301202332A
time shift:      0.0000
half duration:   0.0000
latitude:        54.0300
longitude:       -35.1100
depth:           12.0000
Mrr:      -1.970000E+24
Mtt:       1.250000E+22
Mpp:       1.960000E+24
Mrt:       3.800000E+23
Mrp:      -7.740000E+22
Mtp:       2.390000E+23
