CMT 2017  3 31 17 25 27.40  52.6100  -32.2200  21.2 5.6 5.6 C201703311725A
event name:     C201703311725A
time shift:      0.0000
half duration:   0.0000
latitude:       52.6100
longitude:    -32.2200
depth:           21.2000
Mrr:    -3.580000e+23
Mtt:    -5.740000e+23
Mpp:    9.320000e+23
Mrt:    2.120000e+23
Mrp:    -3.960000e+23
Mtp:    -3.230000e+24
