CMT 2017  8  8 13 19 53.80  33.2100  103.9000  14.9 6.5 6.5 C201708081319A
event name:     C201708081319A
time shift:      0.0000
half duration:   0.0000
latitude:       33.2100
longitude:    103.9000
depth:           14.9000
Mrr:    -6.600000e+23
Mtt:    6.160000e+25
Mpp:    -6.090000e+25
Mrt:    5.930000e+24
Mrp:    2.370000e+25
Mtp:    -3.870000e+25
