CMT 2018 11  9  1 49 47.40  71.5400  -10.8400  18.3 6.8 6.8 C201811090149A
event name:     C201811090149A
time shift:      0.0000
half duration:   0.0000
latitude:       71.5400
longitude:    -10.8400
depth:           18.3000
Mrr:    -6.500000e+24
Mtt:    1.240000e+26
Mpp:    -1.180000e+26
Mrt:    -1.990000e+25
Mrp:    5.400000e+25
Mtp:    1.510000e+26
