CMT 2010  3 24  2  6 17.00  32.4000   92.9300  17.1 5.8 5.8 C201003240206A
event name:     C201003240206A
time shift:      0.0000
half duration:   0.0000
latitude:       32.4000
longitude:     92.9300
depth:           17.1000
Mrr:    -1.770000e+24
Mtt:    -2.080000e+24
Mpp:    3.850000e+24
Mrt:    -1.430000e+24
Mrp:    -1.170000e+23
Mtp:    3.200000e+24
