CMT 2013 09 30 08 16 11.05 49.5200 -28.3300 12.0000 5.5 5.5 C201309300816A
event name:     C201309300816A
time shift:      0.0000
half duration:   0.0000
latitude:        49.5200
longitude:       -28.3300
depth:           12.0000
Mrr:      -2.120000E+24
Mtt:       3.520000E+22
Mpp:       2.080000E+24
Mrt:       3.510000E+23
Mrp:      -7.840000E+23
Mtp:       1.630000E+23
