CMT 2016 10 17  7 14 50.60  32.8400   94.9500  19.0 6.0 6.0 C201610170714A
event name:     C201610170714A
time shift:      0.0000
half duration:   0.0000
latitude:       32.8400
longitude:     94.9500
depth:           19.0000
Mrr:    -5.030000e+24
Mtt:    -2.510000e+24
Mpp:    7.540000e+24
Mrt:    -4.800000e+24
Mrp:    4.760000e+24
Mtp:    7.260000e+24
