CMT 2019 12 30 17 18 58.50  35.5300   74.6200  12.0 5.6 5.6 C201912301719A
event name:     C201912301719A
time shift:      0.0000
half duration:   0.0000
latitude:       35.5300
longitude:     74.6200
depth:           12.0000
Mrr:    -1.850000e+24
Mtt:    -7.340000e+23
Mpp:    2.590000e+24
Mrt:    9.030000e+23
Mrp:    -4.040000e+23
Mtp:    1.770000e+24
