CMT 2019  9 24  3 23 40.70  19.1800  -67.2200  12.4 6.0 6.0 C201909240323A
event name:     C201909240323A
time shift:      0.0000
half duration:   0.0000
latitude:       19.1800
longitude:    -67.2200
depth:           12.4000
Mrr:    -9.210000e+24
Mtt:    -7.800000e+23
Mpp:    9.990000e+24
Mrt:    3.410000e+24
Mrp:    7.630000e+24
Mtp:    2.860000e+24
