CMT 2012  3 12  6  6 44.20  36.9200   73.2300  25.6 5.8 5.8 C201203120606A
event name:     C201203120606A
time shift:      0.0000
half duration:   0.0000
latitude:       36.9200
longitude:     73.2300
depth:           25.6000
Mrr:    -3.030000e+24
Mtt:    -2.350000e+24
Mpp:    5.380000e+24
Mrt:    6.710000e+23
Mrp:    -9.330000e+23
Mtp:    -1.930000e+23
