CMT 2012  5 12 23 28 47.80  38.7200   70.2100  20.0 5.8 5.8 C201205122328A
event name:     C201205122328A
time shift:      0.0000
half duration:   0.0000
latitude:       38.7200
longitude:     70.2100
depth:           20.0000
Mrr:    3.070000e+24
Mtt:    -5.530000e+23
Mpp:    -2.510000e+24
Mrt:    1.290000e+24
Mrp:    -3.640000e+24
Mtp:    -2.400000e+24
