CMT 2012  7 19  7 36 37.50  37.1200   71.2100 116.3 5.7 5.7 C201207190736A
event name:     C201207190736A
time shift:      0.0000
half duration:   0.0000
latitude:       37.1200
longitude:     71.2100
depth:           116.3000
Mrr:    3.440000e+24
Mtt:    -3.710000e+24
Mpp:    2.690000e+23
Mrt:    9.990000e+23
Mrp:    -3.160000e+23
Mtp:    3.210000e+23
