CMT 2015 12  7  7 50 14.70  38.3500   72.8800  12.0 7.2 7.2 C201512070750A
event name:     C201512070750A
time shift:      0.0000
half duration:   0.0000
latitude:       38.3500
longitude:     72.8800
depth:           12.0000
Mrr:    -1.120000e+26
Mtt:    -6.230000e+26
Mpp:    7.340000e+26
Mrt:    6.800000e+25
Mrp:    1.970000e+26
Mtp:    -3.060000e+26
