CMT 2016  5 13  7  1 10.40  30.6200   66.5200  20.5 5.7 5.7 C201605130659A
event name:     C201605130659A
time shift:      0.0000
half duration:   0.0000
latitude:       30.6200
longitude:     66.5200
depth:           20.5000
Mrr:    2.280000e+23
Mtt:    -2.340000e+24
Mpp:    2.110000e+24
Mrt:    9.190000e+23
Mrp:    6.300000e+22
Mtp:    -2.780000e+24
