CMT 2018 11 27 19 34 49.00  15.6300  -49.7800  12.0 5.5 5.5 C201811271934A
event name:     C201811271934A
time shift:      0.0000
half duration:   0.0000
latitude:       15.6300
longitude:    -49.7800
depth:           12.0000
Mrr:    -1.560000e+24
Mtt:    2.190000e+24
Mpp:    -6.350000e+23
Mrt:    -9.750000e+23
Mrp:    -6.010000e+23
Mtp:    6.430000e+23
