CMT 2010  9 17 19 21 18.20  36.4700   70.7800 206.3 6.3 6.3 C201009171921A
event name:     C201009171921A
time shift:      0.0000
half duration:   0.0000
latitude:       36.4700
longitude:     70.7800
depth:           206.3000
Mrr:    2.460000e+25
Mtt:    -2.030000e+25
Mpp:    -4.320000e+24
Mrt:    8.210000e+24
Mrp:    1.370000e+25
Mtp:    -7.480000e+24
