CMT 2010  2 27 23 21 12.00  35.7600   69.8700 122.2 5.8 5.8 C201002272321A
event name:     C201002272321A
time shift:      0.0000
half duration:   0.0000
latitude:       35.7600
longitude:     69.8700
depth:           122.2000
Mrr:    3.010000e+24
Mtt:    -3.420000e+24
Mpp:    4.180000e+23
Mrt:    3.760000e+24
Mrp:    -3.880000e+23
Mtp:    1.730000e+24
