CMT 2019  2  2 12  4 34.70  36.3500   70.5500 213.0 5.7 5.7 C201902021204A
event name:     C201902021204A
time shift:      0.0000
half duration:   0.0000
latitude:       36.3500
longitude:     70.5500
depth:           213.0000
Mrr:    2.900000e+24
Mtt:    -2.850000e+24
Mpp:    -4.900000e+22
Mrt:    2.610000e+24
Mrp:    7.810000e+23
Mtp:    1.700000e+22
