CMT 2016  1 20 17 13 16.90  37.6500  101.7600  13.9 5.9 5.9 C201601201713A
event name:     C201601201713A
time shift:      0.0000
half duration:   0.0000
latitude:       37.6500
longitude:    101.7600
depth:           13.9000
Mrr:    8.980000e+24
Mtt:    -1.930000e+24
Mpp:    -7.050000e+24
Mrt:    1.300000e+24
Mrp:    2.390000e+24
Mtp:    4.880000e+24
