CMT 2011  8 23 17 51  7.30  37.8400  -77.9600  12.0 5.8 5.8 C201108231751A
event name:     C201108231751A
time shift:      0.0000
half duration:   0.0000
latitude:       37.8400
longitude:    -77.9600
depth:           12.0000
Mrr:    5.200000e+24
Mtt:    3.260000e+23
Mpp:    -5.520000e+24
Mrt:    2.080000e+24
Mrp:    -5.420000e+23
Mtp:    -8.800000e+23
