CMT 2018  5  9 10 41 48.10  37.0700   71.2800 119.1 6.3 6.3 C201805091041A
event name:     C201805091041A
time shift:      0.0000
half duration:   0.0000
latitude:       37.0700
longitude:     71.2800
depth:           119.1000
Mrr:    2.530000e+25
Mtt:    -3.590000e+25
Mpp:    1.050000e+25
Mrt:    -1.250000e+25
Mrp:    -1.850000e+25
Mtp:    -7.800000e+24
