CMT 2015  7  3  1  7 52.40  37.5400   78.2100  12.8 6.4 6.4 C201507030107A
event name:     C201507030107A
time shift:      0.0000
half duration:   0.0000
latitude:       37.5400
longitude:     78.2100
depth:           12.8000
Mrr:    3.510000e+25
Mtt:    -3.190000e+25
Mpp:    -3.190000e+24
Mrt:    -1.230000e+25
Mrp:    2.290000e+25
Mtp:    1.480000e+25
