CMT 2017  9  1 11  7 38.40  57.0400  -33.8400  12.0 5.6 5.6 C201709011107A
event name:     C201709011107A
time shift:      0.0000
half duration:   0.0000
latitude:       57.0400
longitude:    -33.8400
depth:           12.0000
Mrr:    -2.600000e+24
Mtt:    1.500000e+22
Mpp:    2.590000e+24
Mrt:    3.410000e+23
Mrp:    -2.210000e+23
Mtp:    5.970000e+23
