CMT 2013 05 18 10 57 48.80 26.4900 57.6400 12.8200 5.5 5.5 C201305181057A
event name:     C201305181057A
time shift:      0.0000
half duration:   0.0000
latitude:        26.4900
longitude:       57.6400
depth:           12.8200
Mrr:      -8.790000E+22
Mtt:      -6.030000E+23
Mpp:       6.910000E+23
Mrt:       7.880000E+23
Mrp:       3.030000E+23
Mtp:       2.040000E+24
