CMT 2013 04 17 03 15 54.35 27.8800 62.3800 46.2800 5.7 5.7 C201304170315A
event name:     C201304170315A
time shift:      0.0000
half duration:   0.0000
latitude:        27.8800
longitude:       62.3800
depth:           46.2800
Mrr:      -3.190000E+24
Mtt:       3.610000E+24
Mpp:      -4.210000E+23
Mrt:       1.100000E+24
Mrp:       5.430000E+23
Mtp:       1.090000E+24
