CMT 2015 11 17 17 29 41.70  40.4100   73.1100  22.0 5.6 5.6 C201511171729A
event name:     C201511171729A
time shift:      0.0000
half duration:   0.0000
latitude:       40.4100
longitude:     73.1100
depth:           22.0000
Mrr:    1.910000e+24
Mtt:    -1.940000e+24
Mpp:    3.000000e+22
Mrt:    1.950000e+23
Mrp:    -1.050000e+24
Mtp:    -1.340000e+24
