CMT 2018  3 23  7 40 32.50  12.6900  -44.4800  13.8 5.6 5.6 C201803230740A
event name:     C201803230740A
time shift:      0.0000
half duration:   0.0000
latitude:       12.6900
longitude:    -44.4800
depth:           13.8000
Mrr:    -4.870000e+23
Mtt:    -5.000000e+23
Mpp:    9.870000e+23
Mrt:    -2.400000e+22
Mrp:    3.920000e+23
Mtp:    -2.790000e+24
