CMT 2010  5 16  5 16 12.00  18.4500  -67.1300 114.8 5.8 5.8 C201005160516A
event name:     C201005160516A
time shift:      0.0000
half duration:   0.0000
latitude:       18.4500
longitude:    -67.1300
depth:           114.8000
Mrr:    -4.190000e+24
Mtt:    -1.710000e+24
Mpp:    5.900000e+24
Mrt:    2.680000e+24
Mrp:    3.570000e+24
Mtp:    3.800000e+23
