CMT 2012  6 11  5 29 15.10  36.1600   69.2500  27.2 5.8 5.8 C201206110529A
event name:     C201206110529A
time shift:      0.0000
half duration:   0.0000
latitude:       36.1600
longitude:     69.2500
depth:           27.2000
Mrr:    1.860000e+24
Mtt:    3.710000e+24
Mpp:    -5.570000e+24
Mrt:    -1.920000e+24
Mrp:    2.760000e+23
Mtp:    -2.080000e+24
