CMT 2016  3 18 16 11  3.80  38.1100   72.5500  22.2 5.5 5.5 C201603181611A
event name:     C201603181611A
time shift:      0.0000
half duration:   0.0000
latitude:       38.1100
longitude:     72.5500
depth:           22.2000
Mrr:    -5.260000e+23
Mtt:    -1.530000e+24
Mpp:    2.060000e+24
Mrt:    2.980000e+23
Mrp:    8.500000e+22
Mtp:    -4.410000e+23
