CMT 2015  7 16 11  1 50.30  13.8900  -58.4300  20.2 5.8 5.8 C201507161101A
event name:     C201507161101A
time shift:      0.0000
half duration:   0.0000
latitude:       13.8900
longitude:    -58.4300
depth:           20.2000
Mrr:    -1.410000e+24
Mtt:    -4.030000e+24
Mpp:    5.440000e+24
Mrt:    1.090000e+23
Mrp:    3.200000e+23
Mtp:    9.790000e+23
