CMT 2017  6 30  1 35  2.90  33.8200  -38.6200  15.0 5.9 5.9 C201706300134A
event name:     C201706300134A
time shift:      0.0000
half duration:   0.0000
latitude:       33.8200
longitude:    -38.6200
depth:           15.0000
Mrr:    -4.900000e+23
Mtt:    3.780000e+24
Mpp:    -3.290000e+24
Mrt:    -2.050000e+24
Mrp:    -2.500000e+23
Mtp:    8.400000e+24
