CMT 2018 12 19  3 38 40.60  30.6300  -41.9700  12.0 5.6 5.6 C201812190338A
event name:     C201812190338A
time shift:      0.0000
half duration:   0.0000
latitude:       30.6300
longitude:    -41.9700
depth:           12.0000
Mrr:    -2.860000e+24
Mtt:    2.000000e+21
Mpp:    2.860000e+24
Mrt:    -2.700000e+23
Mrp:    -3.700000e+23
Mtp:    5.300000e+23
