CMT 2018  8  7 13 57 11.90  74.6600    8.2600  12.0 5.8 5.8 C201808071357A
event name:     C201808071357A
time shift:      0.0000
half duration:   0.0000
latitude:       74.6600
longitude:      8.2600
depth:           12.0000
Mrr:    -4.690000e+24
Mtt:    5.320000e+23
Mpp:    4.150000e+24
Mrt:    -8.990000e+23
Mrp:    -9.110000e+23
Mtp:    2.170000e+24
