CMT 2019  8  8  0 45 26.90  36.5100   69.9800 228.3 5.9 5.9 C201908080045A
event name:     C201908080045A
time shift:      0.0000
half duration:   0.0000
latitude:       36.5100
longitude:     69.9800
depth:           228.3000
Mrr:    3.240000e+24
Mtt:    -3.280000e+24
Mpp:    4.400000e+22
Mrt:    7.360000e+24
Mrp:    -3.060000e+23
Mtp:    7.720000e+23
