CMT 2010  4 18 20 28 53.00  35.8600   67.5100  16.9 5.6 5.6 C201004182028A
event name:     C201004182028A
time shift:      0.0000
half duration:   0.0000
latitude:       35.8600
longitude:     67.5100
depth:           16.9000
Mrr:    3.320000e+23
Mtt:    3.420000e+23
Mpp:    -6.740000e+23
Mrt:    4.090000e+23
Mrp:    -3.600000e+22
Mtp:    -2.830000e+24
