CMT 2010 11 27  2 44 57.70  10.9900  -43.3500  23.0 5.8 5.8 C201011270244A
event name:     C201011270244A
time shift:      0.0000
half duration:   0.0000
latitude:       10.9900
longitude:    -43.3500
depth:           23.0000
Mrr:    -4.620000e+23
Mtt:    -9.930000e+23
Mpp:    1.450000e+24
Mrt:    -1.630000e+23
Mrp:    1.060000e+24
Mtp:    -5.120000e+24
