CMT 2016 12  8  5 15  9.00  43.9300   86.3000  19.5 6.0 6.0 C201612080515A
event name:     C201612080515A
time shift:      0.0000
half duration:   0.0000
latitude:       43.9300
longitude:     86.3000
depth:           19.5000
Mrr:    1.000000e+25
Mtt:    -1.150000e+25
Mpp:    1.500000e+24
Mrt:    -8.380000e+24
Mrp:    2.780000e+24
Mtp:    1.000000e+22
