CMT 2017  5 10 21 58 24.90  37.7100   75.4300  14.1 5.5 5.5 C201705102158A
event name:     C201705102158A
time shift:      0.0000
half duration:   0.0000
latitude:       37.7100
longitude:     75.4300
depth:           14.1000
Mrr:    -1.690000e+24
Mtt:    -2.720000e+23
Mpp:    1.970000e+24
Mrt:    4.600000e+22
Mrp:    -6.220000e+23
Mtp:    -7.430000e+23
