CMT 2016  6 26 11 17 22.00  39.4300   73.4300  16.1 6.5 6.5 C201606261117A
event name:     C201606261117A
time shift:      0.0000
half duration:   0.0000
latitude:       39.4300
longitude:     73.4300
depth:           16.1000
Mrr:    3.420000e+25
Mtt:    -4.810000e+25
Mpp:    1.390000e+25
Mrt:    -5.350000e+24
Mrp:    4.180000e+24
Mtp:    -3.200000e+25
