CMT 2013 05 01 06 57 17.94 33.0200 75.6000 20.0700 5.6 5.6 C201305010657A
event name:     C201305010657A
time shift:      0.0000
half duration:   0.0000
latitude:        33.0200
longitude:       75.6000
depth:           20.0700
Mrr:       2.230000E+24
Mtt:      -1.080000E+24
Mpp:      -1.140000E+24
Mrt:       2.170000E+24
Mrp:      -1.210000E+24
Mtp:       1.230000E+24
