CMT 2010  6  3  5 35 45.00  33.2500   96.2800  24.4 5.5 5.5 C201006030535A
event name:     C201006030535A
time shift:      0.0000
half duration:   0.0000
latitude:       33.2500
longitude:     96.2800
depth:           24.4000
Mrr:    2.100000e+23
Mtt:    -3.500000e+23
Mpp:    1.400000e+23
Mrt:    -3.270000e+23
Mrp:    -1.050000e+23
Mtp:    2.010000e+24
