CMT 2015 01 19 12 45 14.61 73.2200 6.3500 12.0000 5.5 5.5 C201501191245A
event name:     C201501191245A
time shift:      0.0000
half duration:   0.0000
latitude:        73.2200
longitude:       6.3500
depth:           12.0000
Mrr:      -1.400000E+24
Mtt:       1.780000E+22
Mpp:       1.380000E+24
Mrt:       2.910000E+22
Mrp:      -4.130000E+23
Mtp:       9.320000E+23
