CMT 2018  9  7  6 23 39.30  28.0600   59.4200  17.5 5.6 5.6 C201809070623A
event name:     C201809070623A
time shift:      0.0000
half duration:   0.0000
latitude:       28.0600
longitude:     59.4200
depth:           17.5000
Mrr:    -4.900000e+22
Mtt:    2.110000e+24
Mpp:    -2.060000e+24
Mrt:    -8.270000e+23
Mrp:    8.530000e+23
Mtp:    1.620000e+24
