CMT 2016  1  2  4 22 21.90  44.7800  129.9000 598.8 5.9 5.9 C201601020422A
event name:     C201601020422A
time shift:      0.0000
half duration:   0.0000
latitude:       44.7800
longitude:    129.9000
depth:           598.8000
Mrr:    2.580000e+24
Mtt:    6.100000e+22
Mpp:    -2.640000e+24
Mrt:    -3.500000e+24
Mrp:    -3.920000e+24
Mtp:    -3.880000e+24
