CMT 2015 12 28  6 55 31.60  14.6800  -61.3300 150.4 5.7 5.7 C201512280655A
event name:     C201512280655A
time shift:      0.0000
half duration:   0.0000
latitude:       14.6800
longitude:    -61.3300
depth:           150.4000
Mrr:    -2.020000e+24
Mtt:    3.010000e+24
Mpp:    -9.900000e+23
Mrt:    -2.260000e+24
Mrp:    -8.180000e+23
Mtp:    -1.510000e+24
