CMT 2012 10 21  1 25 24.40  66.4200  -18.8200  12.0 5.6 5.6 C201210210125A
event name:     C201210210125A
time shift:      0.0000
half duration:   0.0000
latitude:       66.4200
longitude:    -18.8200
depth:           12.0000
Mrr:    -2.420000e+24
Mtt:    -1.210000e+23
Mpp:    2.540000e+24
Mrt:    8.660000e+23
Mrp:    -8.550000e+23
Mtp:    -9.820000e+23
