CMT 2015 02 13 18 59 27.61 52.6200 -32.7700 23.6300 7.1 7.1 C201502131859A
event name:     C201502131859A
time shift:      0.0000
half duration:   0.0000
latitude:        52.6200
longitude:       -32.7700
depth:           23.6300
Mrr:      -3.670000E+25
Mtt:      -9.600000E+25
Mpp:       1.330000E+26
Mrt:       8.270000E+25
Mrp:       1.320000E+25
Mtp:      -4.830000E+26
