CMT 2017  9 16 10 11 36.70  42.1200   83.5100  20.5 5.6 5.6 C201709161011A
event name:     C201709161011A
time shift:      0.0000
half duration:   0.0000
latitude:       42.1200
longitude:     83.5100
depth:           20.5000
Mrr:    2.200000e+24
Mtt:    -2.080000e+24
Mpp:    -1.240000e+23
Mrt:    2.040000e+24
Mrp:    -2.100000e+22
Mtp:    3.000000e+22
