CMT 2017  9 10 21 40 21.60  57.1100  -33.5400  12.0 5.8 5.8 C201709102140A
event name:     C201709102140A
time shift:      0.0000
half duration:   0.0000
latitude:       57.1100
longitude:    -33.5400
depth:           12.0000
Mrr:    -5.420000e+24
Mtt:    -6.500000e+22
Mpp:    5.490000e+24
Mrt:    -1.480000e+23
Mrp:    6.210000e+23
Mtp:    1.710000e+24
