CMT 2015  8 14 18  3  5.20  21.1600  -45.7500  12.0 5.6 5.6 C201508141803A
event name:     C201508141803A
time shift:      0.0000
half duration:   0.0000
latitude:       21.1600
longitude:    -45.7500
depth:           12.0000
Mrr:    -2.940000e+24
Mtt:    -1.450000e+23
Mpp:    3.090000e+24
Mrt:    -7.230000e+23
Mrp:    -2.990000e+23
Mtp:    4.370000e+23
