CMT 2011  8 31 12 17 28.80  43.6600  -28.8600  12.0 5.6 5.6 C201108311217A
event name:     C201108311217A
time shift:      0.0000
half duration:   0.0000
latitude:       43.6600
longitude:    -28.8600
depth:           12.0000
Mrr:    -2.700000e+24
Mtt:    3.930000e+23
Mpp:    2.310000e+24
Mrt:    7.460000e+23
Mrp:    -9.410000e+23
Mtp:    1.290000e+24
