CMT 2017  8  8 23 27 59.90  44.3600   82.7500  27.9 6.4 6.4 C201708082327A
event name:     C201708082327A
time shift:      0.0000
half duration:   0.0000
latitude:       44.3600
longitude:     82.7500
depth:           27.9000
Mrr:    3.380000e+25
Mtt:    -4.160000e+25
Mpp:    7.740000e+24
Mrt:    6.220000e+24
Mrp:    -4.170000e+24
Mtp:    -4.300000e+24
