CMT 2010  5 29  2 29 55.00  33.2500   96.3000  20.8 5.8 5.8 C201005290230A
event name:     C201005290230A
time shift:      0.0000
half duration:   0.0000
latitude:       33.2500
longitude:     96.3000
depth:           20.8000
Mrr:    -5.500000e+23
Mtt:    -3.130000e+24
Mpp:    3.680000e+24
Mrt:    -1.500000e+23
Mrp:    2.860000e+23
Mtp:    4.750000e+24
