CMT 2013 11 23 23 30 46.03 36.7500 86.8000 17.1000 5.7 5.7 C201311232330A
event name:     C201311232330A
time shift:      0.0000
half duration:   0.0000
latitude:        36.7500
longitude:       86.8000
depth:           17.1000
Mrr:      -4.820000E+23
Mtt:      -1.930000E+24
Mpp:       2.410000E+24
Mrt:       3.150000E+23
Mrp:       6.730000E+23
Mtp:       3.220000E+24
