CMT 2011 11 18  6  0 59.70  33.8000  -38.5800  15.6 5.7 5.7 C201111180600A
event name:     C201111180600A
time shift:      0.0000
half duration:   0.0000
latitude:       33.8000
longitude:    -38.5800
depth:           15.6000
Mrr:    -4.350000e+23
Mtt:    1.710000e+24
Mpp:    -1.270000e+24
Mrt:    -1.240000e+24
Mrp:    -5.820000e+23
Mtp:    3.940000e+24
