CMT 2013 05 12 10 54 47.25 26.5100 57.6600 12.0000 5.5 5.5 C201305121054A
event name:     C201305121054A
time shift:      0.0000
half duration:   0.0000
latitude:        26.5100
longitude:       57.6600
depth:           12.0000
Mrr:      -5.240000E+22
Mtt:      -6.540000E+23
Mpp:       7.070000E+23
Mrt:       9.620000E+23
Mrp:       4.220000E+23
Mtp:       2.170000E+24
