CMT 2018  9  3 21 53  0.50  39.5200   77.1100  20.3 5.6 5.6 C201809032151A
event name:     C201809032151A
time shift:      0.0000
half duration:   0.0000
latitude:       39.5200
longitude:     77.1100
depth:           20.3000
Mrr:    -1.840000e+23
Mtt:    -2.530000e+24
Mpp:    2.710000e+24
Mrt:    3.640000e+23
Mrp:    -1.280000e+23
Mtp:    3.160000e+23
