CMT 2019  3 10 18  5  1.70  58.4100  -31.7000  12.0 5.9 5.9 C201903101804A
event name:     C201903101804A
time shift:      0.0000
half duration:   0.0000
latitude:       58.4100
longitude:    -31.7000
depth:           12.0000
Mrr:    -7.180000e+24
Mtt:    1.100000e+23
Mpp:    7.080000e+24
Mrt:    -8.000000e+22
Mrp:    2.800000e+23
Mtp:    2.200000e+24
