CMT 2015  4 15  7 39 30.70  39.7900  106.4600  24.6 5.5 5.5 C201504150739A
event name:     C201504150739A
time shift:      0.0000
half duration:   0.0000
latitude:       39.7900
longitude:    106.4600
depth:           24.6000
Mrr:    3.800000e+22
Mtt:    -2.920000e+23
Mpp:    2.540000e+23
Mrt:    -1.070000e+23
Mrp:    -4.090000e+23
Mtp:    1.910000e+24
