CMT 2017  5  5  5  9 39.80  39.4900   71.3800  16.4 5.9 5.9 C201705050509A
event name:     C201705050509A
time shift:      0.0000
half duration:   0.0000
latitude:       39.4900
longitude:     71.3800
depth:           16.4000
Mrr:    6.330000e+24
Mtt:    -1.080000e+24
Mpp:    -5.250000e+24
Mrt:    2.310000e+24
Mrp:    1.590000e+24
Mtp:    -4.180000e+24
