CMT 2013 01 18 12 42 52.44 30.9500 99.5500 21.1900 5.6 5.6 C201301181242A
event name:     C201301181242A
time shift:      0.0000
half duration:   0.0000
latitude:        30.9500
longitude:       99.5500
depth:           21.1900
Mrr:      -2.250000E+23
Mtt:       2.500000E+24
Mpp:      -2.280000E+24
Mrt:      -2.170000E+23
Mrp:       2.250000E+22
Mtp:       1.620000E+24
