CMT 2017  1 31  0 55  3.30  34.6700  -36.6800  12.0 5.6 5.6 C201701310055A
event name:     C201701310055A
time shift:      0.0000
half duration:   0.0000
latitude:       34.6700
longitude:    -36.6800
depth:           12.0000
Mrr:    -2.090000e+24
Mtt:    -4.160000e+23
Mpp:    2.510000e+24
Mrt:    -1.480000e+24
Mrp:    -3.970000e+23
Mtp:    1.470000e+24
