CMT 2011  8 11 10  6 34.80  39.8900   77.3100  12.4 5.7 5.7 C201108111006A
event name:     C201108111006A
time shift:      0.0000
half duration:   0.0000
latitude:       39.8900
longitude:     77.3100
depth:           12.4000
Mrr:    2.940000e+24
Mtt:    -3.270000e+24
Mpp:    3.300000e+23
Mrt:    1.650000e+24
Mrp:    1.420000e+24
Mtp:    -8.830000e+23
