CMT 2016  3 21 14 48 55.40  27.6700   66.1700  15.2 5.6 5.6 C201603211448A
event name:     C201603211448A
time shift:      0.0000
half duration:   0.0000
latitude:       27.6700
longitude:     66.1700
depth:           15.2000
Mrr:    3.780000e+23
Mtt:    4.870000e+23
Mpp:    -8.650000e+23
Mrt:    6.340000e+23
Mrp:    -3.210000e+23
Mtp:    -3.440000e+24
