CMT 2017 10  3 20 39  9.10  13.5900  -49.3600  16.5 5.6 5.6 C201710032039A
event name:     C201710032039A
time shift:      0.0000
half duration:   0.0000
latitude:       13.5900
longitude:    -49.3600
depth:           16.5000
Mrr:    2.340000e+23
Mtt:    1.650000e+24
Mpp:    -1.890000e+24
Mrt:    -2.640000e+23
Mrp:    -8.910000e+23
Mtp:    2.870000e+24
