CMT 2016  3 19 11 26 37.60  18.0600  -60.7100  38.5 6.1 6.1 C201603191126A
event name:     C201603191126A
time shift:      0.0000
half duration:   0.0000
latitude:       18.0600
longitude:    -60.7100
depth:           38.5000
Mrr:    6.470000e+24
Mtt:    -9.000000e+22
Mpp:    -6.380000e+24
Mrt:    -9.430000e+24
Mrp:    5.200000e+23
Mtp:    -9.620000e+24
