CMT 2019 12 20 11 39 52.90  36.5400   70.4200 208.6 6.2 6.2 C201912201139A
event name:     C201912201139A
time shift:      0.0000
half duration:   0.0000
latitude:       36.5400
longitude:     70.4200
depth:           208.6000
Mrr:    1.020000e+25
Mtt:    1.250000e+25
Mpp:    -2.270000e+25
Mrt:    1.620000e+25
Mrp:    4.130000e+24
Mtp:    -1.590000e+24
