CMT 2016  4 20 10 51 43.80  13.3200  -55.9000  40.4 5.6 5.6 C201604201051A
event name:     C201604201051A
time shift:      0.0000
half duration:   0.0000
latitude:       13.3200
longitude:    -55.9000
depth:           40.4000
Mrr:    1.630000e+24
Mtt:    -3.340000e+24
Mpp:    1.710000e+24
Mrt:    2.950000e+23
Mrp:    1.510000e+24
Mtp:    -1.000000e+21
