CMT 2019  2 14 19 57 15.10  35.3800  -35.9600  16.4 6.2 6.2 C201902141957A
event name:     C201902141957A
time shift:      0.0000
half duration:   0.0000
latitude:       35.3800
longitude:    -35.9600
depth:           16.4000
Mrr:    -1.900000e+23
Mtt:    9.170000e+24
Mpp:    -8.980000e+24
Mrt:    -4.390000e+24
Mrp:    -3.830000e+24
Mtp:    1.920000e+25
