CMT 2016  6 25 17 54 23.20  53.9000  -35.2600  12.0 5.5 5.5 C201606251754A
event name:     C201606251754A
time shift:      0.0000
half duration:   0.0000
latitude:       53.9000
longitude:    -35.2600
depth:           12.0000
Mrr:    -2.200000e+24
Mtt:    -6.500000e+22
Mpp:    2.270000e+24
Mrt:    2.050000e+23
Mrp:    -1.190000e+23
Mtp:    6.100000e+22
