CMT 2010  4 14  1 25 18.00  33.2000   96.5400  17.1 6.1 6.1 C201004140125A
event name:     C201004140125A
time shift:      0.0000
half duration:   0.0000
latitude:       33.2000
longitude:     96.5400
depth:           17.1000
Mrr:    -3.030000e+24
Mtt:    1.150000e+25
Mpp:    -8.450000e+24
Mrt:    -7.490000e+24
Mrp:    -3.890000e+24
Mtp:    8.580000e+24
