CMT 2016  1 12 20  5  2.30  36.6100   70.9100 239.8 5.7 5.7 C201601122005A
event name:     C201601122005A
time shift:      0.0000
half duration:   0.0000
latitude:       36.6100
longitude:     70.9100
depth:           239.8000
Mrr:    9.560000e+23
Mtt:    -1.140000e+23
Mpp:    -8.420000e+23
Mrt:    -4.490000e+23
Mrp:    4.350000e+24
Mtp:    4.230000e+23
