CMT 2016  7 15 18  2 53.60  35.2500  -35.4900  20.2 5.6 5.6 C201607151802A
event name:     C201607151802A
time shift:      0.0000
half duration:   0.0000
latitude:       35.2500
longitude:    -35.4900
depth:           20.2000
Mrr:    -1.410000e+23
Mtt:    1.250000e+24
Mpp:    -1.110000e+24
Mrt:    -8.400000e+23
Mrp:    -6.850000e+23
Mtp:    3.060000e+24
