CMT 2016 11 25 14 24 39.30  39.2900   74.1300  17.3 6.7 6.7 C201611251424A
event name:     C201611251424A
time shift:      0.0000
half duration:   0.0000
latitude:       39.2900
longitude:     74.1300
depth:           17.3000
Mrr:    -8.100000e+24
Mtt:    -6.730000e+25
Mpp:    7.540000e+25
Mrt:    3.400000e+24
Mrp:    -8.100000e+24
Mtp:    -8.940000e+25
