CMT 2015  6 29 22  7 50.10  36.6700   71.2100 193.0 5.5 5.5 C201506292207A
event name:     C201506292207A
time shift:      0.0000
half duration:   0.0000
latitude:       36.6700
longitude:     71.2100
depth:           193.0000
Mrr:    1.860000e+24
Mtt:    -9.140000e+23
Mpp:    -9.410000e+23
Mrt:    1.610000e+23
Mrp:    3.790000e+23
Mtp:    -1.290000e+24
