CMT 2015 12 25 19 14 50.10  36.4500   71.1000 207.0 6.4 6.4 C201512251914A
event name:     C201512251914A
time shift:      0.0000
half duration:   0.0000
latitude:       36.4500
longitude:     71.1000
depth:           207.0000
Mrr:    4.290000e+25
Mtt:    -2.360000e+25
Mpp:    -1.940000e+25
Mrt:    4.810000e+24
Mrp:    -6.990000e+24
Mtp:    -4.170000e+24
