CMT 2012  7 12 14  0 34.90  36.5100   70.7700 187.5 5.8 5.8 C201207121400A
event name:     C201207121400A
time shift:      0.0000
half duration:   0.0000
latitude:       36.5100
longitude:     70.7700
depth:           187.5000
Mrr:    4.040000e+24
Mtt:    -3.820000e+24
Mpp:    -2.200000e+23
Mrt:    -3.290000e+24
Mrp:    1.590000e+23
Mtp:    -1.250000e+24
