CMT 2013 10 21 02 27 13.07 35.4400 76.9500 16.4600 5.6 5.6 C201310210227A
event name:     C201310210227A
time shift:      0.0000
half duration:   0.0000
latitude:        35.4400
longitude:       76.9500
depth:           16.4600
Mrr:      -8.260000E+23
Mtt:       3.130000E+23
Mpp:       5.130000E+23
Mrt:       1.100000E+24
Mrp:      -5.910000E+23
Mtp:       2.400000E+24
