CMT 2011  7 19 19 35 50.50  40.3200   71.3800  28.5 6.1 6.1 C201107191935A
event name:     C201107191935A
time shift:      0.0000
half duration:   0.0000
latitude:       40.3200
longitude:     71.3800
depth:           28.5000
Mrr:    1.160000e+25
Mtt:    -1.530000e+25
Mpp:    3.670000e+24
Mrt:    -1.240000e+25
Mrp:    4.300000e+23
Mtp:    -3.440000e+24
