CMT 2016 10 20  0  9 29.90  13.4200  -44.8100  12.0 5.7 5.7 C201610200009A
event name:     C201610200009A
time shift:      0.0000
half duration:   0.0000
latitude:       13.4200
longitude:    -44.8100
depth:           12.0000
Mrr:    -4.690000e+24
Mtt:    -3.720000e+23
Mpp:    5.060000e+24
Mrt:    -3.440000e+23
Mrp:    -1.010000e+23
Mtp:    -3.000000e+21
