CMT 2017 11 28 13 15 47.50  72.6300    3.3200  12.0 5.6 5.6 C201711281315A
event name:     C201711281315A
time shift:      0.0000
half duration:   0.0000
latitude:       72.6300
longitude:      3.3200
depth:           12.0000
Mrr:    -2.740000e+24
Mtt:    1.690000e+24
Mpp:    1.050000e+24
Mrt:    -2.490000e+23
Mrp:    -4.980000e+23
Mtp:    1.470000e+24
