CMT 2019  9  2 22 45 51.10  23.8100  -45.1000  12.0 5.9 5.9 C201909022245A
event name:     C201909022245A
time shift:      0.0000
half duration:   0.0000
latitude:       23.8100
longitude:    -45.1000
depth:           12.0000
Mrr:    -4.760000e+23
Mtt:    -2.840000e+24
Mpp:    3.320000e+24
Mrt:    2.040000e+24
Mrp:    9.100000e+22
Mtp:    -8.000000e+24
