CMT 2013 05 11 03 09 51.69 26.5300 57.8500 18.5500 5.5 5.5 C201305110309A
event name:     C201305110309A
time shift:      0.0000
half duration:   0.0000
latitude:        26.5300
longitude:       57.8500
depth:           18.5500
Mrr:      -2.670000E+23
Mtt:      -1.320000E+24
Mpp:       1.580000E+24
Mrt:       1.560000E+21
Mrp:      -5.170000E+23
Mtp:       1.570000E+24
