CMT 2019  9  5 11 52  7.90  52.6100  -31.7100  14.6 5.5 5.5 C201909051152A
event name:     C201909051152A
time shift:      0.0000
half duration:   0.0000
latitude:       52.6100
longitude:    -31.7100
depth:           14.6000
Mrr:    -3.090000e+23
Mtt:    -2.420000e+23
Mpp:    5.510000e+23
Mrt:    2.890000e+23
Mrp:    -1.190000e+23
Mtp:    -1.940000e+24
