CMT 2015 10 23  0 27 44.80  29.4700   70.4100  12.0 5.6 5.6 C201510230027A
event name:     C201510230027A
time shift:      0.0000
half duration:   0.0000
latitude:       29.4700
longitude:     70.4100
depth:           12.0000
Mrr:    2.830000e+24
Mtt:    -3.020000e+23
Mpp:    -2.530000e+24
Mrt:    1.500000e+24
Mrp:    2.210000e+23
Mtp:    -1.580000e+24
