CMT 2018 11 11 14  4  3.80  15.6600  -49.9500  12.0 6.3 6.3 C201811111403A
event name:     C201811111403A
time shift:      0.0000
half duration:   0.0000
latitude:       15.6600
longitude:    -49.9500
depth:           12.0000
Mrr:    -1.610000e+25
Mtt:    2.520000e+25
Mpp:    -9.120000e+24
Mrt:    -5.720000e+24
Mrp:    -5.340000e+24
Mtp:    1.750000e+25
