CMT 2017  4 17  5 23 20.10  17.5100  -61.1200  12.0 5.7 5.7 C201704170523A
event name:     C201704170523A
time shift:      0.0000
half duration:   0.0000
latitude:       17.5100
longitude:    -61.1200
depth:           12.0000
Mrr:    1.220000e+24
Mtt:    3.190000e+23
Mpp:    -1.540000e+24
Mrt:    -2.450000e+24
Mrp:    3.480000e+24
Mtp:    7.400000e+23
