CMT 2020  5 30  3 21 54.90  25.9300  -44.9700  12.0 5.6 5.6 C202005300321A
event name:     C202005300321A
time shift:      0.0000
half duration:   0.0000
latitude:       25.9300
longitude:    -44.9700
depth:           12.0000
Mrr:    -2.950000e+24
Mtt:    2.220000e+23
Mpp:    2.730000e+24
Mrt:    0.000000e+00
Mrp:    -3.570000e+23
Mtp:    8.300000e+23
