CMT 2020  9 21 18  4 59.70  51.8600  103.4800  26.2 5.6 5.6 C202009211804A
event name:     C202009211804A
time shift:      0.0000
half duration:   0.0000
latitude:       51.8600
longitude:    103.4800
depth:           26.2000
Mrr:    -1.440000e+23
Mtt:    1.130000e+24
Mpp:    -9.840000e+23
Mrt:    3.670000e+23
Mrp:    1.310000e+23
Mtp:    2.320000e+24
