CMT 2020  6 20 19 26 25.40  66.2700  -18.5800  12.0 5.8 5.8 C202006201926A
event name:     C202006201926A
time shift:      0.0000
half duration:   0.0000
latitude:       66.2700
longitude:    -18.5800
depth:           12.0000
Mrr:    -5.830000e+23
Mtt:    -1.540000e+24
Mpp:    2.130000e+24
Mrt:    6.450000e+23
Mrp:    -8.370000e+23
Mtp:    -4.730000e+24
