CMT 2021  1 11 21 33  6.50  51.3100  100.3900  14.3 6.8 6.8 C202101112132A
event name:     C202101112132A
time shift:      0.0000
half duration:   0.0000
latitude:       51.3100
longitude:    100.3900
depth:           14.3000
Mrr:    -1.160000e+26
Mtt:    -2.660000e+25
Mpp:    1.430000e+26
Mrt:    8.980000e+25
Mrp:    3.020000e+25
Mtp:    1.160000e+26
