CMT 2020  8 12 22 40 46.20  27.9600   65.9900  15.0 5.6 5.6 C202008122240A
event name:     C202008122240A
time shift:      0.0000
half duration:   0.0000
latitude:       27.9600
longitude:     65.9900
depth:           15.0000
Mrr:    -7.300000e+22
Mtt:    -1.060000e+24
Mpp:    1.140000e+24
Mrt:    -1.900000e+23
Mrp:    -1.100000e+24
Mtp:    -3.290000e+24
