CMT 2020  1  7  8 34  5.80  18.1300  -66.7300  12.0 5.6 5.6 C202001070834A
event name:     C202001070834A
time shift:      0.0000
half duration:   0.0000
latitude:       18.1300
longitude:    -66.7300
depth:           12.0000
Mrr:    -2.610000e+24
Mtt:    1.630000e+24
Mpp:    9.770000e+23
Mrt:    -3.120000e+23
Mrp:    -6.010000e+23
Mtp:    1.460000e+24
