CMT 2020  6 20 15  5 12.50  66.3000  -18.5600  12.0 5.5 5.5 C202006201505A
event name:     C202006201505A
time shift:      0.0000
half duration:   0.0000
latitude:       66.3000
longitude:    -18.5600
depth:           12.0000
Mrr:    -2.010000e+23
Mtt:    -5.520000e+23
Mpp:    7.530000e+23
Mrt:    4.280000e+23
Mrp:    -2.710000e+23
Mtp:    -1.550000e+24
