CMT 2020 10 30 22 56 48.10  71.5300   -3.4500  12.0 5.6 5.6 C202010302256A
event name:     C202010302256A
time shift:      0.0000
half duration:   0.0000
latitude:       71.5300
longitude:     -3.4500
depth:           12.0000
Mrr:    -2.460000e+24
Mtt:    1.740000e+24
Mpp:    7.200000e+23
Mrt:    -4.660000e+23
Mrp:    -3.060000e+23
Mtp:    1.930000e+24
