CMT 2020  6 25 21  5 23.10  35.7000   82.3600  13.3 6.3 6.3 C202006252105A
event name:     C202006252105A
time shift:      0.0000
half duration:   0.0000
latitude:       35.7000
longitude:     82.3600
depth:           13.3000
Mrr:    -2.710000e+25
Mtt:    -5.210000e+24
Mpp:    3.230000e+25
Mrt:    8.290000e+24
Mrp:    2.670000e+24
Mtp:    1.150000e+25
