CMT 2020  3 12 15 44  7.60  32.7700   85.5200  26.8 5.5 5.5 C202003121544A
event name:     C202003121544A
time shift:      0.0000
half duration:   0.0000
latitude:       32.7700
longitude:     85.5200
depth:           26.8000
Mrr:    -4.340000e+23
Mtt:    -1.670000e+24
Mpp:    2.100000e+24
Mrt:    5.130000e+23
Mrp:    -2.000000e+21
Mtp:    5.830000e+23
