CMT 2020 12 14 19 36  0.50  72.2100    0.6600  12.0 5.9 5.9 C202012141935A
event name:     C202012141935A
time shift:      0.0000
half duration:   0.0000
latitude:       72.2100
longitude:      0.6600
depth:           12.0000
Mrr:    -7.120000e+24
Mtt:    4.200000e+24
Mpp:    2.920000e+24
Mrt:    -2.500000e+23
Mrp:    -1.790000e+24
Mtp:    4.710000e+24
