CMT 2020  6 21 19  7 59.00  66.4700  -18.7400  12.0 6.0 6.0 C202006211907A
event name:     C202006211907A
time shift:      0.0000
half duration:   0.0000
latitude:       66.4700
longitude:    -18.7400
depth:           12.0000
Mrr:    -1.230000e+25
Mtt:    1.300000e+23
Mpp:    1.220000e+25
Mrt:    2.200000e+24
Mrp:    -2.070000e+24
Mtp:    3.800000e+23
