CMT 2020  1  6 10 32 23.80  18.1800  -66.7600  12.0 5.7 5.7 C202001061032A
event name:     C202001061032A
time shift:      0.0000
half duration:   0.0000
latitude:       18.1800
longitude:    -66.7600
depth:           12.0000
Mrr:    -2.270000e+23
Mtt:    2.120000e+24
Mpp:    -1.890000e+24
Mrt:    -9.300000e+22
Mrp:    -2.450000e+24
Mtp:    3.260000e+24
