CMT 2020  4  1 12 23 28.50  32.9900   98.8800  20.8 5.6 5.6 C202004011223A
event name:     C202004011223A
time shift:      0.0000
half duration:   0.0000
latitude:       32.9900
longitude:     98.8800
depth:           20.8000
Mrr:    -6.900000e+22
Mtt:    3.050000e+24
Mpp:    -2.980000e+24
Mrt:    -2.750000e+23
Mrp:    -1.940000e+23
Mtp:    1.010000e+24
