CMT 2020  6 16  1 30 50.70  37.7800   72.1200 138.2 5.7 5.7 C202006160130A
event name:     C202006160130A
time shift:      0.0000
half duration:   0.0000
latitude:       37.7800
longitude:     72.1200
depth:           138.2000
Mrr:    1.000000e+24
Mtt:    -5.450000e+23
Mpp:    -4.580000e+23
Mrt:    -3.880000e+24
Mrp:    -2.180000e+24
Mtp:    -1.060000e+24
