CMT 2020  7 22 20  7 24.00  33.0900   86.8600  17.3 6.4 6.4 C202007222007A
event name:     C202007222007A
time shift:      0.0000
half duration:   0.0000
latitude:       33.0900
longitude:     86.8600
depth:           17.3000
Mrr:    -4.550000e+25
Mtt:    -1.060000e+25
Mpp:    5.620000e+25
Mrt:    -1.990000e+24
Mrp:    -2.240000e+24
Mtp:    1.140000e+25
