CMT 2021  1 16 20  2 48.40  36.4600   70.6400 210.4 5.6 5.6 C202101162002A
event name:     C202101162002A
time shift:      0.0000
half duration:   0.0000
latitude:       36.4600
longitude:     70.6400
depth:           210.4000
Mrr:    1.900000e+24
Mtt:    -1.460000e+24
Mpp:    -4.450000e+23
Mrt:    1.560000e+24
Mrp:    -1.600000e+24
Mtp:    6.550000e+23
