CMT 2020  1  7  8 24 31.20  18.0800  -66.8100  12.0 6.4 6.4 C202001070824A
event name:     C202001070824A
time shift:      0.0000
half duration:   0.0000
latitude:       18.0800
longitude:    -66.8100
depth:           12.0000
Mrr:    -3.170000e+25
Mtt:    3.350000e+25
Mpp:    -1.810000e+24
Mrt:    -9.610000e+24
Mrp:    -2.290000e+25
Mtp:    2.390000e+25
