CMT 2020  1 24  7  9 15.60  39.2000   71.5700  12.0 5.5 5.5 C202001240709A
event name:     C202001240709A
time shift:      0.0000
half duration:   0.0000
latitude:       39.2000
longitude:     71.5700
depth:           12.0000
Mrr:    2.180000e+24
Mtt:    -5.870000e+23
Mpp:    -1.590000e+24
Mrt:    -5.860000e+23
Mrp:    -5.160000e+23
Mtp:    -1.210000e+24
