CMT 2021  1 11 12 47  6.00  38.8300  -29.3400  17.2 5.5 5.5 C202101111247A
event name:     C202101111247A
time shift:      0.0000
half duration:   0.0000
latitude:       38.8300
longitude:    -29.3400
depth:           17.2000
Mrr:    -2.790000e+23
Mtt:    1.710000e+24
Mpp:    -1.430000e+24
Mrt:    6.400000e+22
Mrp:    1.660000e+23
Mtp:    -1.320000e+24
