CMT 2020  5  2 11 13 21.20  18.0600  -66.7000  12.0 5.5 5.5 C202005021113A
event name:     C202005021113A
time shift:      0.0000
half duration:   0.0000
latitude:       18.0600
longitude:    -66.7000
depth:           12.0000
Mrr:    -1.720000e+24
Mtt:    1.060000e+24
Mpp:    6.630000e+23
Mrt:    3.240000e+23
Mrp:    -4.950000e+23
Mtp:    1.100000e+24
