CMT 2020 12  9 21 44 35.80  52.5000  106.5600  19.6 5.5 5.5 C202012092144A
event name:     C202012092144A
time shift:      0.0000
half duration:   0.0000
latitude:       52.5000
longitude:    106.5600
depth:           19.6000
Mrr:    -1.770000e+24
Mtt:    1.340000e+24
Mpp:    4.270000e+23
Mrt:    5.500000e+22
Mrp:    9.590000e+23
Mtp:    1.110000e+24
