CMT 2020  1  7 11 18 46.70  18.1500  -66.7000  17.3 5.8 5.8 C202001071118A
event name:     C202001071118A
time shift:      0.0000
half duration:   0.0000
latitude:       18.1500
longitude:    -66.7000
depth:           17.3000
Mrr:    -3.340000e+23
Mtt:    3.800000e+24
Mpp:    -3.460000e+24
Mrt:    -2.150000e+24
Mrp:    -1.460000e+24
Mtp:    3.430000e+24
