CMT 2020 10 20 13 43 18.70  63.8800  -22.1900  12.0 5.6 5.6 C202010201343A
event name:     C202010201343A
time shift:      0.0000
half duration:   0.0000
latitude:       63.8800
longitude:    -22.1900
depth:           12.0000
Mrr:    -7.640000e+23
Mtt:    1.540000e+23
Mpp:    6.100000e+23
Mrt:    1.210000e+23
Mrp:    -9.100000e+23
Mtp:    3.130000e+24
