CMT 2020 11 14  2 56 57.00  30.2700   67.3600  19.2 5.6 5.6 C202011140256A
event name:     C202011140256A
time shift:      0.0000
half duration:   0.0000
latitude:       30.2700
longitude:     67.3600
depth:           19.2000
Mrr:    6.180000e+23
Mtt:    -3.140000e+24
Mpp:    2.520000e+24
Mrt:    -6.710000e+23
Mrp:    4.210000e+23
Mtp:    -5.180000e+23
