 PDE 2002  6 22  2 58 21.30  35.6300   49.0500  10.0 6.2 6.4 WESTERN IRAN - INV
event name:     C062202B
time shift:      7.8000
half duration:   4.6000
latitude:       35.8200
longitude:      48.9700
depth:          10.2679
Mrr:       0.605931E+26
Mtt:      -0.514065E+26
Mpp:      -0.918651E+25
Mrt:       0.395774E+26
Mrp:      -0.710668E+25
Mtp:       0.170705E+26
