 PDE 2004 10 27 20 34 36.80  45.7900   26.6200  95.8 5.8 0.0 ROMANIA - INV
event name:     C102704D
time shift:      2.2800
half duration:   1.9000
latitude:       45.7300
longitude:      26.6700
depth:          82.0583
Mrr:       0.223425E+25
Mtt:      -0.224454E+24
Mpp:      -0.200980E+25
Mrt:      -0.449678E+25
Mrp:      -0.397329E+25
Mtp:      -0.175197E+24
