 PDE 2008 12 19  8 31 51.00  47.0000  -27.2900   2.0 5.8 5.9 NORTHERN MID-ATLANTIC RI - INV
event name:     C200812190831A
time shift:      4.9100
half duration:   2.1000
latitude:       46.9207
longitude:     -27.1347
depth:           9.0169
Mrr:      -0.831802E+25
Mtt:      -0.138415E+24
Mpp:       0.845644E+25
Mrt:       0.113182E+25
Mrp:       0.496267E+24
Mtp:       0.296198E+24
