 PDE 2008  5 29 15 46  0.50  64.0000  -21.0100  10.0 6.0 6.3 ICELAND - INV
event name:     C200805291546A
time shift:      4.9500
half duration:   3.4000
latitude:       63.9336
longitude:     -21.1708
depth:           8.6982
Mrr:      -0.618071E+25
Mtt:       0.161013E+25
Mpp:       0.457054E+25
Mrt:       0.336912E+25
Mrp:      -0.386646E+25
Mtp:       0.282326E+26
