 PDE 2008  6  8 12 25 29.70  37.9600   21.5200  16.0 6.2 6.3 SOUTHERN GREECE - INV
event name:     C200806081225A
time shift:      6.6700
half duration:   3.8000
latitude:       37.9289
longitude:      21.6226
depth:          22.8988
Mrr:       0.121367E+25
Mtt:       0.298588E+26
Mpp:      -0.310726E+26
Mrt:      -0.111088E+26
Mrp:      -0.443233E+25
Mtp:       0.183191E+26
