 PDE 2006 10 26 14 28 37.50  38.6700   15.4000 216.6 5.8 5.8 SICILY, ITALY - INV
event name:     C200610261428A
time shift:      2.5200
half duration:   1.9000
latitude:       38.6500
longitude:      15.4100
depth:         204.2463
Mrr:      -0.329757E+25
Mtt:       0.191450E+25
Mpp:       0.138306E+25
Mrt:      -0.611922E+25
Mrp:      -0.149729E+25
Mtp:       0.423120E+24
