 PDE 2008  2 20 18 27  6.00  36.2900   21.7700   9.9 5.7 6.1 SOUTHERN GREECE - INV
event name:     C200802201827A
time shift:      6.7500
half duration:   2.9000
latitude:       36.2386
longitude:      21.7152
depth:          16.6274
Mrr:       0.204448E+25
Mtt:      -0.114894E+26
Mpp:       0.944494E+25
Mrt:       0.615300E+25
Mrp:      -0.543132E+25
Mtp:       0.152087E+26
