 PDE 2007  4  5  3 56 50.50  37.3100  -24.6200  14.0 6.1 6.3 AZORES ISLANDS REGION - INV
event name:     C200704050356A
time shift:      5.9200
half duration:   3.6000
latitude:       37.4479
longitude:     -24.4332
depth:          10.0379
Mrr:      -0.434514E+26
Mtt:       0.265811E+26
Mpp:       0.168704E+26
Mrt:       0.217692E+25
Mrp:      -0.476015E+25
Mtp:      -0.162900E+26
