 PDE 2008  2 21  2 46 17.90  77.0800   18.5700  10.0 5.7 6.1 SVALBARD REGION - INV
event name:     C200802210246A
time shift:      3.4300
half duration:   2.6000
latitude:       77.0211
longitude:      19.2730
depth:          11.2255
Mrr:      -0.630394E+25
Mtt:       0.136063E+26
Mpp:      -0.730237E+25
Mrt:      -0.425833E+25
Mrp:      -0.591279E+25
Mtp:       0.106180E+24
