 PDE 2009  4  6  1 32 39.00  42.3300   13.3300   8.8 5.9 6.3 CENTRAL ITALY - INV
event name:     C200904060132A
time shift:      8.9900
half duration:   3.5000
latitude:       42.2989
longitude:      13.3399
depth:           8.5124
Mrr:      -0.313934E+26
Mtt:       0.125903E+26
Mpp:       0.188030E+26
Mrt:      -0.160867E+26
Mrp:      -0.279612E+25
Mtp:      -0.172905E+26
