 PDE 2009  7  1  9 30 10.40  34.1600   25.4700  19.0 6.1 6.4 CRETE, GREECE - INV
event name:     C200907010930A
time shift:      8.0900
half duration:   4.1000
latitude:       33.9762
longitude:      25.4973
depth:          14.6543
Mrr:       0.523766E+26
Mtt:      -0.498495E+26
Mpp:      -0.252700E+25
Mrt:       0.194961E+26
Mrp:       0.297341E+25
Mtp:       0.135144E+26
