 PDE 2009  8 20  6 35  4.40  72.2000    0.9400   6.0 5.9 6.0 NORWEGIAN SEA - INV
event name:     C200908200635A
time shift:      2.9700
half duration:   2.4000
latitude:       72.2101
longitude:       0.7879
depth:           5.3810
Mrr:      -0.101154E+26
Mtt:       0.384322E+25
Mpp:       0.627224E+25
Mrt:      -0.221618E+24
Mrp:      -0.661322E+25
Mtp:       0.884628E+25
