 PDE 2005  4  2 12 52 36.60  78.6100    6.1000  10.0 5.5 5.8 SVALBARD REGION - INV
event name:     C200504021252A
time shift:      4.9700
half duration:   3.0000
latitude:       78.7326
longitude:       5.4560
depth:          13.1556
Mrr:      -0.115306E+24
Mtt:      -0.219984E+26
Mpp:       0.221137E+26
Mrt:      -0.177164E+25
Mrp:      -0.124497E+25
Mtp:      -0.550096E+25
