 PDE 2006  3 31  1 17  1.00  33.5000   48.7800   7.0 5.7 6.0 WESTERN IRAN - INV
event name:     C200603310117A
time shift:      8.8500
half duration:   2.9000
latitude:       33.7414
longitude:      48.7436
depth:          12.5692
Mrr:      -0.575403E+25
Mtt:      -0.129196E+26
Mpp:       0.186737E+26
Mrt:       0.285727E+25
Mrp:       0.300891E+25
Mtp:      -0.239976E+25
