 PDE 2008  1  6  5 14 20.20  37.2200   22.6900  75.0 6.1 6.2 SOUTHERN GREECE - INV
event name:     C200801060514A
time shift:      2.6000
half duration:   3.0000
latitude:       36.9800
longitude:      22.8700
depth:          91.5587
Mrr:       0.775952E+25
Mtt:      -0.173219E+26
Mpp:       0.956227E+25
Mrt:       0.121235E+26
Mrp:      -0.991167E+25
Mtp:      -0.488605E+25
