 PDE 2007  4  7  7  9 25.40  37.3100  -24.4900   8.0 5.9 6.1 AZORES ISLANDS REGION - INV
event name:     C200704070709A
time shift:      3.9200
half duration:   2.6000
latitude:       37.3979
longitude:     -24.3713
depth:           9.3514
Mrr:      -0.178130E+26
Mtt:       0.107330E+26
Mpp:       0.707997E+25
Mrt:       0.179722E+25
Mrp:      -0.132063E+25
Mtp:      -0.480149E+25
