 PDE 2005 10 20 21 40  4.10  38.1500   26.7500  10.0 5.5 5.7 AEGEAN SEA - INV
event name:     C200510202140A
time shift:      3.9400
half duration:   2.1000
latitude:       38.1519
longitude:      26.7234
depth:          10.4923
Mrr:      -0.209452E+25
Mtt:       0.734486E+25
Mpp:      -0.525035E+25
Mrt:      -0.442942E+24
Mrp:       0.191092E+25
Mtp:      -0.119868E+25
