 PDE 2008  7 15  3 26 34.70  35.8000   27.8600  52.0 6.5 6.4 DODECANESE ISLANDS, GREE - INV
event name:     C200807150326A
time shift:      5.2700
half duration:   3.8000
latitude:       35.6724
longitude:      27.6925
depth:          42.2009
Mrr:      -0.920163E+25
Mtt:      -0.105725E+24
Mpp:       0.930735E+25
Mrt:       0.225265E+26
Mrp:       0.248875E+25
Mtp:       0.358665E+26
