 PDE 2010  4 11 22  8 12.80  36.9700   -3.5400 609.8 6.0 6.3 STRAIT OF GIBRALTAR - INV
event name:     C201004112208A
time shift:      2.6300
half duration:   3.6000
latitude:       37.0958
longitude:      -3.6969
depth:         618.7081
Mrr:      -0.175942E+26
Mtt:       0.323933E+25
Mpp:       0.143549E+26
Mrt:      -0.105250E+25
Mrp:       0.256758E+26
Mtp:       0.146180E+26
