 PDE 2011  5 19 20 15 23.00  39.1100   29.1200   4.6 6.0 6.0 WESTERN TURKEY - INV
event name:     C201105192015A
time shift:      5.2900
half duration:   2.2000
latitude:       39.1378
longitude:      29.0739
depth:           6.0255
Mrr:      -0.722568E+25
Mtt:       0.747708E+25
Mpp:      -0.251389E+24
Mrt:       0.670268E+24
Mrp:       0.129100E+25
Mtp:      -0.197620E+25
