 PDE 2011  1 29  6 55 26.00  70.9600   -6.7800   9.5 6.1 6.1 JAN MAYEN ISLAND REGION - INV
event name:     C201101290655A
time shift:      5.1000
half duration:   3.1000
latitude:       70.9573
longitude:      -6.6734
depth:          10.1424
Mrr:      -0.465083E+25
Mtt:       0.195625E+26
Mpp:      -0.149117E+26
Mrt:       0.467896E+25
Mrp:       0.840685E+25
Mtp:       0.181023E+26
