 PDE 2010  5 25 10  9  5.80  35.3200  -35.9200  10.0 5.5 6.3 NORTHERN MID-ATLANTIC RI - INV
event name:     C201005251009A
time shift:      6.8200
half duration:   3.4000
latitude:       35.3100
longitude:     -35.8000
depth:          10.8284
Mrr:      -0.338293E+25
Mtt:       0.135236E+26
Mpp:      -0.101408E+26
Mrt:       0.273233E+25
Mrp:       0.152113E+25
Mtp:       0.287812E+26
